\begin{tabular}{lrrrrrrr}
\toprule
 & Surrogates & KSHAP & TSHAP & SSHAP & LIME & TI & DICE \\
\midrule
Surrogates & 0.000000 & 0.460000 & 0.440000 & 0.470000 & 0.500000 & 0.520000 & 1.390000 \\
KSHAP & 0.460000 & 0.000000 & 0.060000 & 0.020000 & 0.360000 & 0.330000 & 1.260000 \\
TSHAP & 0.440000 & 0.060000 & 0.000000 & 0.060000 & 0.370000 & 0.330000 & 1.270000 \\
SSHAP & 0.470000 & 0.020000 & 0.060000 & 0.000000 & 0.360000 & 0.330000 & 1.260000 \\
LIME & 0.500000 & 0.360000 & 0.370000 & 0.360000 & 0.000000 & 0.490000 & 1.320000 \\
TI & 0.520000 & 0.330000 & 0.330000 & 0.330000 & 0.490000 & 0.000000 & 1.290000 \\
DICE & 1.390000 & 1.260000 & 1.270000 & 1.260000 & 1.320000 & 1.290000 & 0.000000 \\
\bottomrule
\end{tabular}
