\begin{tabular}{lrrrrrrr}
\toprule
{} &  Surrogates &  KSHAP &  TSHAP &  SSHAP &  LIME &    TI &  DICE \\
\midrule
Surrogates &        0.00 &   0.47 &   0.45 &   0.47 &  0.50 &  0.48 &  1.40 \\
KSHAP      &        0.47 &   0.00 &   0.06 &   0.02 &  0.39 &  0.36 &  1.26 \\
TSHAP      &        0.45 &   0.06 &   0.00 &   0.06 &  0.40 &  0.38 &  1.27 \\
SSHAP      &        0.47 &   0.02 &   0.06 &   0.00 &  0.39 &  0.36 &  1.26 \\
LIME       &        0.50 &   0.39 &   0.40 &   0.39 &  0.00 &  0.48 &  1.32 \\
TI         &        0.48 &   0.36 &   0.38 &   0.36 &  0.48 &  0.00 &  1.30 \\
DICE       &        1.40 &   1.26 &   1.27 &   1.26 &  1.32 &  1.30 &  0.00 \\
\bottomrule
\end{tabular}
